0 1.008955223880597 0.3640625 0.015920398009950248 0.009375
0 1.3333333333333333 0.5734375 0.10149253731343283 0.140625
0 1.4154228855721394 0.47421875 0.050746268656716415 0.0703125
0 1.4472636815920399 0.40625 0.03681592039800995 0.046875
0 1.4736318407960198 0.3625 0.023880597014925373 0.021875
0 1.4691542288557213 0.496875 0.046766169154228855 0.065625
1 1.5019900497512437 0.36171875 0.024875621890547265 0.0265625
0 1.5174129353233832 0.2796875 0.011940298507462687 0.0125
0 1.3218905472636815 0.4953125 0.07462686567164178 0.11875
0 1.3985074626865672 0.415625 0.042786069651741296 0.0625
0 1.4328358208955223 0.37109375 0.027860696517412936 0.0421875
0 1.5154228855721392 0.3078125 0.013930348258706468 0.015625
4 1.3592039800995024 0.35 0.009950248756218905 0.021875
