0 0.24921875 0.24583333333333332 0.0265625 0.035416666666666666
0 0.187109375 0.19791666666666666 0.01484375 0.029166666666666667
0 0.790625 0.24270833333333333 0.015625 0.00625
0 1.046875 0.38229166666666664 0.0796875 0.09375
0 1.111328125 0.31614583333333335 0.03984375 0.046875
0 1.136328125 0.2708333333333333 0.02890625 0.03125
0 1.15703125 0.24166666666666667 0.01875 0.014583333333333334
0 0.462109375 0.44583333333333336 0.14765625 0.12708333333333333
0 1.153515625 0.33125 0.03671875 0.04375
1 1.179296875 0.24114583333333334 0.01953125 0.017708333333333333
0 1.19140625 0.18645833333333334 0.009375 0.008333333333333333
0 1.037890625 0.3302083333333333 0.05859375 0.07916666666666666
0 1.098046875 0.27708333333333335 0.03359375 0.041666666666666664
0 1.125 0.24739583333333334 0.021875 0.028125
0 0.369921875 0.21875 0.01328125 0.010416666666666666
3 0.375 0.20416666666666666 0.0171875 0.014583333333333334
0 1.18984375 0.20520833333333333 0.0109375 0.010416666666666666
4 1.0671875 0.23333333333333334 0.0078125 0.014583333333333334
